27.826000
40.498000
17.699000
154.260000
30.957000
292.319000
27.376000
72.673000
28.581000
9.683000
281.772000
28.946000
278.459000
29.240000
30.663000
30.750000
12.246000
158.329000
29.708000
295.482000
30.012000
25.650000
27.555000
12.388000
153.064000
26.034000
284.787000
36.774000
25.323000
31.820000
14.689000
155.653000
48.054000
301.410000
47.550000
29.233000
32.772000
12.100000
155.985000
34.547000
265.497000
29.683000
30.453000
63.264000
10.747000
154.250000
37.937000
278.779000
36.416000
28.515000
31.899000
14.003000
154.729000
41.052000
301.319000
31.136000
29.685000
30.725000
10.672000
156.638000
28.292000
289.764000
30.576000
27.729000
32.895000
13.244000
155.992000
31.861000
273.883000
27.498000
27.514000
29.957000
13.945000
154.450000
36.694000
292.657000
31.091000
29.647000
31.011000
11.746000
154.361000
30.710000
295.145000
27.225000
29.089000
27.492000
10.839000
153.314000
28.284000
288.093000
28.330000
24.446000
29.209000
10.510000
434.678000
49.766000
271.218000
29.826000
24.968000
27.068000
10.576000
152.850000
33.666000
295.067000
27.612000
26.145000
28.406000
9.656000
161.359000
29.503000
276.997000
29.944000
24.631000
31.769000
9.855000
153.400000
31.277000
268.388000
30.452000
30.068000
29.670000
10.350000
151.757000
40.013000
299.117000
30.912000
24.589000
30.184000
8.884000
152.831000
28.822000
289.773000
30.173000
24.567000
32.266000
10.573000
153.620000
30.279000
290.187000
27.265000
26.908000
26.376000
9.350000
155.570000
30.818000
264.604000
30.868000
23.776000
30.460000
12.032000
153.575000
27.023000
296.633000
28.802000
25.020000
28.881000
10.665000
153.131000
33.479000
297.461000
27.183000
23.908000
31.500000
10.516000
155.832000
29.655000
270.954000
27.183000
23.563000
27.275000
12.569000
152.875000
27.915000
290.451000
28.596000
29.258000
29.400000
10.192000
153.321000
30.399000
261.942000
28.899000
24.117000
28.169000
13.256000
158.759000
33.224000
289.931000
31.539000
25.066000
29.231000
12.088000
154.459000
29.832000
295.448000
28.425000
44.584000
30.116000
12.080000
156.009000
32.903000
291.626000
27.765000
27.724000
34.518000
11.995000
154.840000
266.894000
298.613000
31.784000
30.892000
28.048000
12.975000
154.802000
35.829000
275.214000
31.985000
27.947000
32.067000
9.836000
154.628000
31.268000
287.567000
29.516000
24.807000
32.108000
13.725000
156.139000
27.789000
275.262000
27.324000
28.153000
29.676000
13.443000
154.484000
27.670000
266.643000
27.034000
29.147000
31.000000
9.768000
155.838000
28.034000
289.210000
28.824000
24.373000
30.928000
10.051000
179.155000
41.600000
289.558000
27.756000
24.006000
30.388000
74.391000
155.997000
29.447000
297.100000
26.540000
24.617000
28.307000
9.155000
151.886000
28.857000
264.192000
31.761000
24.162000
29.490000
9.853000
154.524000
71.278000
265.845000
27.543000
24.680000
28.529000
10.290000
153.605000
57.105000
266.809000
27.666000
27.266000
29.754000
10.116000
153.152000
36.491000
301.875000
29.685000
26.788000
31.408000
10.889000
152.565000
29.819000
265.729000
43.853000
26.598000
31.078000
30.483000
153.467000
38.116000
301.646000
26.403000
24.794000
27.610000
15.484000
152.416000
29.424000
290.542000
31.543000
27.981000
29.958000
12.900000
155.746000
36.707000
298.763000
29.777000
23.905000
28.890000
11.730000
155.989000
29.489000
288.486000
28.646000
26.335000
31.951000
10.825000
156.089000
36.892000
263.924000
29.035000
25.882000
29.840000
10.960000
154.190000
29.141000
269.337000
36.319000
23.859000
33.777000
9.998000
159.268000
29.542000
264.045000
45.337000
32.678000
32.218000
15.949000
156.280000
34.091000
294.290000
29.952000
30.289000
32.769000
10.499000
156.778000
33.605000
288.740000
38.581000
27.393000
34.197000
12.154000
153.413000
31.883000
271.999000
27.559000
25.197000
27.939000
11.296000
153.021000
31.370000
274.846000
29.028000
25.988000
28.409000
9.661000
153.112000
28.092000
265.750000
28.753000
23.521000
30.764000
12.200000
167.869000
28.926000
292.443000
30.857000
25.097000
29.736000
10.188000
154.260000
29.259000
296.258000
31.115000
31.954000
29.583000
10.936000
152.498000
215.529000
406.790000
29.871000
23.997000
30.873000
11.949000
154.298000
32.862000
270.862000
26.393000
27.801000
32.368000
10.610000
162.570000
32.111000
290.406000
28.421000
24.699000
38.240000
10.778000
154.708000
34.374000
303.626000
26.592000
25.392000
28.956000
12.715000
152.467000
30.030000
290.083000
28.126000
25.543000
28.087000
11.287000
153.148000
33.595000
273.018000
30.290000
26.060000
30.113000
15.715000
155.108000
28.718000
263.569000
27.359000
25.298000
29.110000
12.594000
154.744000
33.042000
301.715000
30.886000
24.045000
29.968000
9.792000
158.411000
31.693000
296.781000
30.074000
26.360000
34.388000
11.469000
155.964000
29.219000
278.222000
29.585000
24.427000
28.177000
10.628000
156.177000
31.939000
295.077000
38.957000
25.720000
31.282000
11.138000
155.519000
28.153000
271.584000
45.492000
25.948000
34.394000
13.733000
152.587000
82.732000
273.343000
30.240000
30.672000
38.264000
11.661000
155.846000
29.755000
271.498000
29.885000
50.180000
31.623000
11.399000
156.888000
33.274000
290.469000
27.224000
24.403000
28.594000
10.213000
156.151000
33.525000
301.197000
28.128000
23.845000
28.016000
11.620000
153.217000
30.620000
276.197000
29.218000
24.684000
28.069000
9.028000
318.459000
31.057000
301.585000
30.148000
25.787000
26.646000
13.734000
156.637000
30.605000
278.841000
26.439000
25.853000
28.941000
9.720000
162.533000
31.467000
262.750000
44.825000
26.522000
31.445000
12.202000
154.181000
55.981000
263.307000
26.531000
25.290000
33.012000
13.078000
153.172000
30.876000
273.789000
235.231000
24.095000
31.071000
9.846000
153.119000
30.148000
293.939000
31.604000
28.895000
28.834000
10.817000
155.408000
29.926000
285.730000
26.439000
23.917000
31.523000
10.806000
153.367000
28.958000
329.877000
27.937000
23.542000
28.455000
9.925000
154.015000
27.242000
271.955000
28.840000
25.992000
28.710000
9.869000
153.434000
26.751000
273.388000
28.746000
24.316000
28.888000
10.066000
160.117000
28.751000
272.335000
27.527000
25.127000
113.229000
11.931000
153.746000
41.619000
295.616000
29.324000
24.676000
27.055000
10.885000
152.554000
27.997000
269.831000
26.190000
26.156000
27.621000
11.170000
152.632000
33.359000
288.670000
28.128000
25.430000
34.266000
12.736000
152.857000
28.000000
271.469000
27.531000
26.637000
38.170000
10.790000
153.607000
29.906000
298.444000
29.149000
26.228000
29.419000
10.197000
152.541000
30.160000
298.768000
27.356000
26.036000
28.033000
11.903000
157.145000
28.765000
289.344000
26.979000
24.787000
26.904000
11.444000
152.635000
30.875000
272.085000
28.868000
26.560000
47.341000
13.912000
152.297000
32.596000
291.407000
28.583000
31.167000
28.862000
9.799000
153.373000
30.117000
299.502000
30.421000
25.562000
29.609000
9.803000
153.930000
28.597000
263.828000
28.041000
23.561000
30.777000
11.455000
152.633000
28.432000
288.642000
29.325000
23.823000
28.173000
9.829000
154.693000
31.403000
298.495000
27.492000
27.098000
35.062000
10.352000
152.754000
41.339000
262.792000
26.660000
45.335000
31.391000
10.716000
153.119000
30.063000
311.172000
27.855000
28.683000
37.767000
12.192000
156.577000
33.180000
266.098000
26.551000
