27.299000
43.045000
12.337000
158.066000
32.696000
294.684000
32.179000
30.173000
31.978000
13.798000
158.978000
35.753000
297.999000
30.304000
29.584000
31.013000
16.279000
157.850000
39.385000
301.232000
32.019000
29.330000
33.789000
17.054000
155.474000
32.706000
274.423000
32.633000
27.550000
33.789000
13.793000
155.999000
41.694000
277.666000
31.435000
24.856000
31.085000
13.633000
157.533000
32.508000
273.281000
33.522000
29.062000
32.082000
11.826000
155.700000
29.937000
300.320000
28.308000
30.198000
31.795000
12.437000
154.454000
33.119000
290.753000
30.785000
29.908000
28.694000
12.778000
155.452000
35.278000
265.100000
30.099000
32.586000
32.363000
12.154000
157.000000
28.896000
268.501000
28.633000
25.920000
31.826000
12.522000
157.466000
35.262000
275.351000
30.991000
27.856000
38.502000
13.239000
155.655000
32.755000
291.260000
29.441000
25.430000
29.863000
13.572000
157.893000
29.827000
291.280000
29.167000
27.611000
32.374000
12.432000
157.617000
30.392000
292.263000
29.389000
27.091000
29.473000
15.657000
157.582000
32.436000
266.397000
29.990000
32.032000
30.548000
14.234000
155.101000
36.808000
265.958000
30.002000
26.665000
32.348000
13.429000
154.608000
34.255000
291.163000
27.661000
27.815000
30.389000
12.322000
155.903000
31.001000
267.910000
29.464000
29.640000
33.190000
11.525000
154.883000
32.228000
263.304000
28.087000
26.751000
29.445000
12.311000
157.688000
33.592000
270.850000
31.597000
29.719000
31.528000
13.242000
155.166000
30.212000
291.860000
28.796000
25.812000
36.077000
12.072000
180.838000
32.247000
267.540000
29.678000
27.176000
32.407000
13.576000
154.841000
31.243000
268.743000
30.304000
25.232000
36.024000
12.355000
155.525000
32.452000
272.683000
30.269000
29.870000
29.085000
17.979000
157.088000
30.468000
290.131000
35.261000
38.407000
35.419000
12.935000
154.746000
28.820000
276.332000
31.613000
24.411000
29.657000
11.890000
156.376000
28.251000
275.296000
30.664000
24.954000
31.363000
12.969000
153.410000
30.932000
263.948000
30.897000
25.983000
35.689000
16.632000
157.277000
36.441000
269.235000
29.089000
26.093000
36.459000
11.621000
153.494000
33.293000
292.857000
29.600000
25.769000
31.419000
11.499000
156.805000
30.664000
292.679000
30.604000
25.640000
33.839000
12.765000
169.760000
31.773000
276.310000
29.356000
30.543000
29.896000
12.864000
156.520000
32.346000
267.109000
27.842000
29.643000
30.790000
12.284000
154.823000
33.210000
266.663000
28.996000
26.824000
33.040000
12.444000
153.273000
29.067000
302.595000
30.709000
27.798000
34.720000
12.102000
156.863000
29.450000
288.467000
31.343000
28.335000
30.277000
12.763000
155.296000
33.573000
298.954000
30.053000
26.826000
34.747000
11.665000
153.290000
31.499000
269.355000
30.669000
28.639000
29.833000
16.034000
156.823000
36.902000
297.072000
29.980000
27.255000
32.792000
11.830000
155.465000
31.920000
296.575000
29.801000
25.862000
30.947000
11.787000
155.936000
28.059000
283.492000
31.757000
27.791000
36.928000
13.117000
158.775000
29.025000
291.050000
30.050000
28.518000
30.884000
12.741000
158.674000
34.441000
272.168000
28.277000
26.304000
30.172000
13.020000
154.889000
38.024000
273.344000
30.095000
26.176000
30.393000
13.270000
155.224000
37.409000
278.475000
28.888000
31.763000
35.325000
13.735000
157.708000
32.761000
290.204000
29.857000
26.978000
28.376000
12.415000
154.532000
32.535000
266.517000
40.870000
42.730000
43.310000
14.337000
154.339000
37.608000
291.012000
28.874000
32.037000
34.362000
12.077000
157.206000
31.420000
266.339000
39.506000
26.287000
32.599000
11.500000
155.876000
31.154000
264.503000
30.894000
31.306000
30.469000
18.192000
154.917000
35.235000
298.846000
47.144000
29.397000
37.835000
12.880000
158.155000
31.212000
298.453000
29.601000
25.876000
161.429000
12.329000
154.862000
27.792000
275.276000
29.035000
27.011000
35.776000
12.718000
155.928000
28.080000
272.747000
28.656000
25.104000
35.707000
13.044000
155.187000
33.436000
273.337000
31.493000
26.643000
28.456000
12.850000
156.006000
30.300000
300.869000
28.496000
30.407000
34.235000
15.711000
153.857000
31.463000
291.639000
29.406000
30.963000
32.738000
11.597000
159.966000
32.514000
298.634000
41.170000
30.715000
41.723000
11.088000
153.920000
31.178000
288.531000
29.638000
26.808000
29.856000
11.353000
153.510000
32.603000
290.580000
30.065000
29.809000
31.103000
16.339000
157.473000
55.449000
289.217000
31.511000
31.867000
31.366000
14.498000
153.839000
35.673000
297.138000
31.514000
26.567000
32.400000
13.825000
155.940000
31.848000
266.534000
155.308000
27.719000
32.419000
13.194000
157.902000
37.171000
266.322000
29.555000
27.956000
29.503000
13.525000
155.920000
32.420000
298.418000
30.143000
27.644000
32.094000
15.637000
154.555000
40.684000
298.007000
29.114000
27.645000
29.252000
10.644000
154.742000
29.085000
275.178000
32.947000
27.726000
31.162000
15.098000
155.863000
34.306000
264.300000
29.657000
26.458000
30.905000
13.589000
156.326000
29.573000
272.548000
33.357000
28.095000
36.326000
12.316000
157.659000
31.876000
296.494000
28.386000
28.685000
30.173000
23.852000
156.428000
36.891000
264.703000
30.518000
25.111000
32.867000
12.429000
155.640000
37.050000
275.136000
30.315000
31.812000
32.685000
13.112000
153.377000
36.312000
265.874000
31.176000
33.717000
35.534000
12.365000
175.125000
30.543000
267.288000
29.572000
26.705000
29.216000
13.136000
156.484000
41.013000
301.265000
29.528000
27.603000
31.592000
12.575000
159.241000
34.008000
299.302000
31.862000
29.177000
31.507000
14.184000
155.091000
35.223000
298.318000
30.041000
29.613000
32.399000
14.152000
220.720000
32.939000
269.144000
32.153000
29.605000
32.647000
12.797000
157.748000
28.850000
291.218000
32.448000
29.366000
31.656000
12.268000
154.412000
27.945000
268.019000
238.523000
28.415000
34.829000
13.841000
156.303000
36.543000
301.269000
29.327000
26.538000
30.366000
15.385000
158.939000
34.088000
268.227000
28.377000
25.408000
32.431000
12.288000
160.049000
29.519000
292.130000
28.444000
26.357000
33.071000
11.362000
159.977000
39.554000
268.711000
31.098000
29.335000
39.678000
14.638000
158.527000
41.241000
302.361000
40.634000
27.838000
34.574000
13.827000
160.801000
30.684000
287.495000
39.846000
35.916000
33.479000
12.546000
154.781000
32.612000
299.430000
32.094000
28.117000
34.157000
12.103000
154.161000
33.343000
272.310000
30.638000
30.723000
31.322000
12.836000
679.085000
33.281000
268.743000
27.965000
35.608000
28.862000
14.950000
157.602000
42.740000
270.753000
31.263000
34.127000
32.976000
12.436000
160.689000
33.743000
303.379000
32.162000
29.010000
31.071000
11.329000
156.877000
38.174000
267.408000
31.536000
28.425000
32.210000
13.444000
155.727000
34.885000
274.796000
28.680000
40.746000
33.232000
13.433000
154.852000
36.614000
273.429000
40.179000
28.649000
35.810000
13.912000
160.212000
31.154000
292.793000
28.991000
24.973000
31.626000
14.504000
155.865000
36.296000
297.478000
29.889000
41.117000
34.658000
12.908000
155.885000
36.262000
291.895000
29.270000
30.008000
57.001000
13.738000
155.354000
33.859000
265.745000
44.389000
27.552000
30.848000
14.790000
156.126000
36.070000
297.739000
28.436000
27.400000
38.409000
14.381000
154.169000
31.356000
287.032000
35.468000
